image: map_autogen.png
resolution: 0.25000
origin: [-51.99162181144181, -9.466907099219613, 0.000000]
negate: 0
occupied_thresh: 0.65
free_thresh: 0.196
