image: map_autogen.png
resolution: 0.25000
origin: [-9.451574274261539, 87.45965187363609, 0.000000]
negate: 0
occupied_thresh: 0.65
free_thresh: 0.196
